2
3
5
9
11
12
15
16
17
19
21
23
26
28
34
35
40
42
43
778
49
51
54
56
59
24
64
27
69
71
73
74
80
81
82
83
84
86
89
90
91
92
93
95
97
45
103
878
106
107
109
110
111
112
115
116
118
120
123
126
132
133
134
137
140
141
142
143
144
879
151
153
155
166
172
175
177
180
182
183
184
79
775
191
193
194
205
208
209
216
220
223
232
236
239
240
241
242
243
248
249
251
259
261
267
271
273
105
278
280
281
283
284
287
295
297
114
301
303
309
312
313
317
319
322
324
325
327
329
330
331
332
334
335
338
342
343
344
346
347
348
349
351
252
355
358
362
363
145
372
148
377
378
382
384
386
388
390
392
393
394
395
396
398
400
405
407
408
411
414
416
417
418
421
422
427
428
429
430
431
432
434
433
435
439
440
441
443
444
446
447
188
450
451
452
453
456
459
460
461
467
471
470
472
473
474
476
477
479
480
481
486
487
491
210
498
499
508
511
512
514
515
517
518
520
521
522
525
527
528
529
534
540
542
543
231
549
554
555
556
557
558
559
560
567
568
569
570
572
245
582
592
596
598
604
607
610
611
620
621
624
625
627
628
629
637
642
643
647
657
671
672
674
680
684
685
686
687
689
692
693
58
694
696
697
699
701
702
704
707
708
710
290
713
718
720